25.9375
24.75
23.5625
22.5
21.8125
21.25
20.75
20.375
19.875
19.5625
19.375
19.125
17.75
17.6875
17.6875
18.3125
19.25
20.625
21.8125
22.875
23.9375
24.875
25.5
26.0625
26.9375
27.25
27.625
28.0
28.125
28.25
28.5625
28.75
28.5625
28.8125
28.9375
29.0
29.25
29.25
29.25
29.1875
29.25
29.3125
29.1875
29.375
29.375
29.375
29.3125
29.375
29.25
29.4375
29.5
29.5
29.625
29.5
29.4375
29.5625
29.5
29.625
29.4375
29.4375
29.4375
29.4375
29.3125
29.5
29.5
29.375
29.375
29.4375
29.5625
22.8125
